1	30710190.87 784178.50 2923113.30 538227.07 34955709.74 8.36%
2	38012397.30 1062088.91 4147328.52 651845.11 43873659.84 9.45%
3	40470155.49 1137067.39 4497496.26 712276.97 46816996.11 9.61%
4	40512039.47 1037876.05 4502303.72 671493.82 46723713.06 9.64%
5	41243265.69 1154381.65 4664974.85 668255.49 47730877.68 9.77%
6	37686304.75 1027736.20 4296013.57 639201.71 43649256.23 9.84%
7	42769052.95 1170892.27 4688822.06 717973.75 49346741.03 9.50%
8	41342912.72 1051558.25 4569010.93 700676.22 47664158.12 9.59%
9	43042541.79 1174150.05 4824673.49 761441.45 49802806.78 9.69%
10	42670691.40 1172522.00 4726613.64 804113.32 49373940.36 9.57%
11	44589455.69 1157327.07 4917329.50 915425.64 51579537.90 9.53%
12	42283994.55 1138271.50 4640489.76 883369.40 48946125.21 9.48%
13	40453322.07 1117494.60 4237173.49 783669.66 46591659.82 9.09%
14	43288643.10 1150700.04 4633899.56 824068.70 49897311.40 9.29%
15	43234049.67 1150199.00 4745988.43 854096.27 49984333.37 9.49%
16	43729597.28 1150304.94 4817403.29 856055.99 50553361.50 9.53%
17	43679355.98 1142931.96 4828742.42 907145.30 50558175.66 9.55%
18	43902209.34 1150421.22 4785353.07 902525.63 50740509.26 9.43%
19	44151135.40 1131657.33 4830219.93 920495.84 51033508.50 9.46%
20	44847412.04 1141265.72 4926630.72 946648.11 51861956.59 9.50%
21	41960879.16 1055538.16 4477562.18 899737.07 48393716.57 9.25%
22	41341047.87 978554.56 4422687.47 863051.12 47605341.02 9.29%
23	43067197.06 1104746.91 4739327.29 914014.28 49825285.54 9.51%
24	42389312.95 1092690.39 4688232.92 881675.78 49051912.04 9.56%
25	41697333.39 1078356.12 4553171.61 880131.95 48208993.07 9.44%
26	41950124.75 1084270.05 4617732.58 869937.41 48522064.79 9.52%
27	32597714.01 828200.00 3239915.13 628529.99 37294359.13 8.69%
28	40268955.89 1062977.97 4435362.65 819068.46 46586364.97 9.52%
29	41167248.61 1085779.50 4566769.94 822005.60 47641803.65 9.59%
30	40323791.72 1059287.10 4419632.12 795649.02 46598359.96 9.48%
31	28370756.77 766144.67 3159832.15 595044.96 32891778.55 9.61%
32	35780012.88 981722.17 3910542.44 765072.63 41437350.12 9.44%
33	38974348.25 1000816.72 4227601.92 864417.49 45067184.38 9.38%
34	38927821.38 1006748.71 4179677.62 852197.56 44966445.27 9.30%
35	37557233.33 982890.51 3933518.01 841754.25 43315396.10 9.08%
36	39504625.31 960815.50 4292550.70 847969.06 45605960.57 9.41%
37	43531858.78 1105189.41 4940003.88 902070.69 50479122.76 9.79%
38	43761749.66 1102996.12 4975284.20 945336.36 50785366.34 9.80%
39	42466802.04 1064714.65 4843049.12 917487.88 49292053.69 9.83%
40	42422988.70 1082052.90 4812921.76 917518.90 49235482.26 9.78%
41	43195783.72 1084001.75 4897538.33 994134.99 50171458.79 9.76%
42	42767409.05 996929.49 4842421.93 961429.91 49568190.38 9.77%
43	43414415.66 1120604.10 5004898.00 935233.80 50475151.56 9.92%
44	43104250.37 1117005.84 4905626.37 857246.28 49984128.86 9.81%
45	43735418.48 1005536.56 5103820.88 963069.73 50807845.65 10.05%
46	42840217.79 995723.15 5069826.67 906201.58 49811969.19 10.18%
47	42844258.84 1110259.14 5082938.82 876106.39 49913563.19 10.18%
48	35207869.12 847829.46 3679377.71 710787.14 40445863.43 9.10%
49	43923411.00 1079148.25 5145302.07 966096.77 51113958.09 10.07%
50	43730012.45 1087691.31 5260439.42 938176.62 51016319.80 10.31%
51	42665883.42 1065875.35 4975635.87 929016.88 49636411.52 10.02%
52	30571348.94 752999.82 2806346.14 614472.71 34745167.61 8.08%
1	10259145.07 354423.50 1005560.62 173707.56 11792836.75 8.53%
