2013-12-01	7693.50 90.50 830.16 233.70 8847.86 9.38%
2013-12-02	93.50 2.50 5.50 0.00 101.50 5.42%
2013-12-03	612236.26 41034.50 77709.31 13000.42 743980.49 10.45%
2013-12-04	27.00 0.00 0.00 0.00 27.00 0.00%
2013-12-05	187.00 3.50 18.57 5.33 214.40 8.66%
2013-12-06	779023.38 800.00 92316.06 18314.60 890454.04 10.37%
2013-12-07	8.50 0.50 0.00 0.00 9.00 0.00%
2013-12-09	67.50 1.00 1.75 5.33 75.58 2.32%
2013-12-11	7.00 1.00 0.00 0.00 8.00 0.00%
2013-12-13	322.57 1.00 5.10 0.00 328.67 1.55%
2013-12-14	204.50 0.50 0.00 0.00 205.00 0.00%
2013-12-15	5.50 0.00 0.00 0.00 5.50 0.00%
2013-12-19	80.50 0.00 15.60 0.00 96.10 16.23%
2013-12-25	117.00 3.00 19.74 0.00 139.74 14.13%
2013-12-26	840.50 21.00 162.96 31.98 1056.44 15.43%
2013-12-27	242.00 2.00 55.74 0.00 299.74 18.60%
2013-12-30	398802.74 12067.50 37685.73 8156.83 456712.80 8.25%
2013-12-31	485290.36 18223.50 48101.46 6674.46 558289.78 8.62%
