2013-01-01	5301831.68 103269.50 447658.06 97962.83 5950722.07 7.52%
2013-01-02	4711214.52 141498.00 439835.17 109420.00 5401967.69 8.14%
2013-01-03	5092998.12 164159.00 496867.50 89991.78 5844016.40 8.50%
2013-01-04	5391994.59 184556.50 538485.68 83300.44 6198337.21 8.69%
2013-01-05	5358756.48 105324.50 514244.59 69743.63 6048069.20 8.50%
2013-01-06	4853395.48 85371.00 486022.30 87808.39 5512597.17 8.82%
2013-01-07	4749010.05 148208.50 512448.45 96473.98 5506140.98 9.31%
2013-01-08	5056443.06 160195.50 561641.93 87875.79 5866156.28 9.57%
2013-01-09	5263068.16 167036.00 591758.74 90765.23 6112628.13 9.68%
2013-01-10	5738784.35 182547.91 655601.45 103753.47 6680687.18 9.81%
2013-01-11	6081319.33 196295.00 672448.15 99754.77 7049817.25 9.54%
2013-01-12	5768389.67 113031.00 587623.87 72354.96 6541399.50 8.98%
2013-01-13	5355382.68 94775.00 565805.93 100866.91 6116830.52 9.25%
2013-01-14	5169601.24 161693.64 587180.24 107866.41 6026341.53 9.74%
2013-01-15	5703349.14 183638.50 666896.34 103170.13 6657054.11 10.02%
2013-01-16	5857286.93 181469.00 699260.51 112770.99 6850787.43 10.21%
2013-01-17	6093594.72 190014.52 711986.89 118975.38 7114571.51 10.01%
2013-01-18	6448413.59 201558.32 713458.92 118702.21 7482133.04 9.54%
2013-01-19	5841459.92 114509.00 578979.76 71747.93 6606696.61 8.76%
2013-01-20	5356449.95 104184.41 539733.60 79043.92 6079411.88 8.88%
2013-01-21	4553907.69 59268.92 498127.58 106211.82 5217516.01 9.55%
2013-01-22	5668792.75 181542.58 658672.40 102840.88 6611848.61 9.96%
2013-01-23	5909504.71 188450.00 683883.04 100482.36 6882320.11 9.94%
2013-01-24	6123009.45 201511.05 695440.86 108624.12 7128585.48 9.76%
2013-01-25	6317264.79 189231.50 712477.97 104904.96 7323879.22 9.73%
2013-01-26	6269035.81 119571.00 651273.75 62802.08 7102682.64 9.17%
2013-01-27	5670524.27 98301.00 602428.12 85627.60 6456880.99 9.33%
2013-01-28	5227490.07 160646.00 602141.89 103026.32 6093304.28 9.88%
2013-01-29	5506525.66 177382.15 645349.25 94321.34 6423578.40 10.05%
2013-01-30	5639803.49 175442.00 667540.32 96732.10 6579517.91 10.15%
2013-01-31	6286504.21 201082.50 744212.97 114987.89 7346787.57 10.13%
2013-02-01	6715950.83 214077.00 756562.57 108422.86 7795013.26 9.71%
2013-02-02	6351694.53 124809.00 655887.18 63717.96 7196108.67 9.11%
2013-02-03	5515296.90 100943.00 593280.67 87047.02 6296567.59 9.42%
2013-02-04	5348864.67 167495.00 614435.05 106950.05 6237744.77 9.85%
2013-02-05	5564883.92 175395.50 653313.04 94336.47 6487928.93 10.07%
2013-02-06	5883329.17 188012.50 698703.90 102011.67 6872057.24 10.17%
2013-02-07	6461855.69 192651.50 764763.28 124544.51 7543814.98 10.14%
2013-02-08	4701680.84 131959.50 531691.24 61690.16 5427021.74 9.80%
2013-02-09	4238015.10 78940.50 447577.89 53351.55 4817885.04 9.29%
2013-02-10	5487675.36 93281.70 585529.17 96317.30 6262803.53 9.35%
2013-02-11	5473257.74 166300.50 626937.80 104931.46 6371427.50 9.84%
2013-02-12	6014601.93 184471.02 699629.74 106203.54 7004906.23 9.99%
2013-02-13	6242028.76 192365.10 732467.10 113145.81 7280006.77 10.06%
2013-02-14	6427857.22 193641.00 736597.52 118784.20 7476879.94 9.85%
2013-02-15	6574196.13 200243.15 710729.99 119659.06 7604828.33 9.35%
2013-02-16	6215394.81 121810.00 606206.91 72310.51 7015722.23 8.64%
2013-02-17	5821716.36 112061.50 576253.00 82939.17 6592970.03 8.74%
2013-02-18	4824330.82 63177.00 516527.39 112451.84 5516487.05 9.36%
2013-02-19	5417057.06 164117.20 614698.90 107025.67 6302898.83 9.75%
2013-02-20	5906876.92 190375.50 682766.88 102387.92 6882407.22 9.92%
2013-02-21	6281544.78 201232.50 729043.77 114336.26 7326157.31 9.95%
2013-02-22	6624069.20 210632.55 741167.20 112927.37 7688796.32 9.64%
2013-02-23	6581447.59 125125.00 681300.37 62052.68 7449925.64 9.15%
2013-02-24	5707586.35 96898.50 603506.42 89494.48 6497485.75 9.29%
2013-02-25	5359929.07 165202.55 613205.70 113773.30 6252110.62 9.81%
2013-02-26	5780399.68 183846.50 674417.52 104499.81 6743163.51 10.00%
2013-02-27	6015591.23 184319.00 715975.94 108738.23 7024624.40 10.19%
2013-02-28	6340274.75 194477.00 747869.50 122774.19 7405395.44 10.10%
2013-03-01	6768294.76 214709.50 754666.78 120878.33 7858549.37 9.60%
2013-03-02	6713062.95 129034.00 682677.99 75480.32 7600255.26 8.98%
2013-03-03	6064989.35 102561.50 635860.06 115297.27 6918708.18 9.19%
2013-03-04	5546523.92 173868.50 627466.75 120747.43 6468606.60 9.70%
2013-03-05	5819754.97 181878.00 671968.32 113614.84 6787216.13 9.90%
2013-03-06	6034146.70 188901.50 703769.76 114752.91 7041570.87 9.99%
2013-03-07	6324793.81 198513.50 739651.83 122209.92 7385169.06 10.02%
2013-03-08	6410318.25 210589.50 722590.27 120726.65 7464224.67 9.68%
2013-03-09	6687672.94 123352.50 660492.55 91670.09 7563188.08 8.73%
2013-03-10	5847480.81 95418.50 600674.16 120391.48 6663964.95 9.01%
2013-03-11	5468583.65 164480.00 614364.24 131193.38 6378621.27 9.63%
2013-03-12	5937426.31 170483.80 681134.28 116167.38 6905211.77 9.86%
2013-03-13	6355292.83 188984.00 738891.61 137069.05 7420237.49 9.96%
2013-03-14	6911573.99 199340.00 794406.16 151858.66 8057178.81 9.86%
2013-03-15	6957656.75 206515.27 770531.40 149191.10 8083894.52 9.53%
2013-03-16	6855089.23 126130.00 687011.74 98439.68 7766670.65 8.85%
2013-03-17	6103832.93 101394.00 630990.07 131506.39 6967723.39 9.06%
2013-03-18	5506186.06 171249.50 627314.16 135823.29 6440573.01 9.74%
2013-03-19	5659968.91 172080.00 661339.68 125061.56 6618450.15 9.99%
2013-03-20	6005110.82 180868.00 707303.83 133932.87 7027215.52 10.07%
2013-03-21	6148982.89 179972.00 654269.43 134230.47 7117454.79 9.19%
2013-03-22	6661639.23 210614.50 742587.46 138884.65 7753725.84 9.58%
2013-03-23	6496426.67 123141.50 655154.95 95310.60 7370033.72 8.89%
2013-03-24	5805679.97 100346.00 592520.25 120125.96 6618672.18 8.95%
2013-03-25	5188600.18 159926.00 556786.75 118080.00 6023392.93 9.24%
2013-03-26	5505832.40 175715.00 607508.07 114110.77 6403166.24 9.49%
2013-03-27	5821145.74 183016.50 649079.16 118882.99 6772124.39 9.58%
2013-03-28	6371162.05 187445.50 705177.90 134173.78 7397959.23 9.53%
2013-03-29	6209911.04 206121.10 641851.88 116987.81 7174871.83 8.95%
2013-03-30	5878325.53 112318.00 549111.66 72714.67 6612469.86 8.30%
2013-03-31	5478345.13 92952.50 527658.07 108719.64 6207675.34 8.50%
2013-04-01	5206677.17 160889.00 554237.17 128097.07 6049900.41 9.16%
2013-04-02	5838956.81 183222.00 647396.72 119216.19 6788791.72 9.54%
2013-04-03	6214227.65 186805.00 694290.05 119825.77 7215148.47 9.62%
2013-04-04	6556848.02 195507.50 739226.92 135186.31 7626768.75 9.69%
2013-04-05	6775376.97 209307.50 738316.10 133060.75 7856061.32 9.40%
2013-04-06	6660656.79 118625.54 639199.21 77167.59 7495649.13 8.53%
2013-04-07	6035899.69 96343.50 621233.39 111515.02 6864991.60 9.05%
2013-04-08	5351688.86 161976.50 596326.59 126902.50 6236894.45 9.56%
2013-04-09	5743439.22 175358.00 651732.87 119350.79 6689880.88 9.74%
2013-04-10	6061720.62 189439.00 700010.83 122394.31 7073564.76 9.90%
2013-04-11	6567172.13 193309.50 766133.83 154574.10 7681189.56 9.97%
2013-04-12	6870818.43 208726.00 763407.88 131522.95 7974475.26 9.57%
2013-04-13	6500151.71 119332.00 648795.60 80466.64 7348745.95 8.83%
2013-04-14	6139058.70 102058.00 619580.83 118884.98 6979582.51 8.88%
2013-04-15	5671615.47 168828.00 627779.34 131898.68 6600121.49 9.51%
2013-04-16	5849550.03 175553.70 659557.28 115934.09 6800595.10 9.70%
2013-04-17	6156979.75 181267.00 713156.42 125603.62 7177006.79 9.94%
2013-04-18	6568489.40 192828.00 757653.21 140394.41 7659365.02 9.89%
2013-04-19	6744453.30 205087.74 749692.23 139460.94 7838694.21 9.56%
2013-04-20	6714047.44 124528.50 680723.17 87146.22 7606445.33 8.95%
2013-04-21	6024461.89 102212.00 628841.64 115618.03 6871133.56 9.15%
2013-04-22	5560180.38 167419.50 631108.65 133760.13 6492468.66 9.72%
2013-04-23	6026428.10 180897.42 695967.90 120647.45 7023940.87 9.91%
2013-04-24	6115033.83 184194.50 712268.14 124670.50 7136166.97 9.98%
2013-04-25	6616621.26 188050.50 767188.90 151031.73 7722892.39 9.93%
2013-04-26	6800040.64 205065.00 749763.50 144879.57 7899748.71 9.49%
2013-04-27	6566401.21 119572.23 655584.53 95607.67 7437165.64 8.81%
2013-04-28	5994650.56 97732.81 616860.80 136548.25 6845792.42 9.01%
2013-04-29	5614703.94 162819.50 629135.60 133720.78 6540379.82 9.62%
2013-04-30	5832323.18 176478.50 667481.53 120782.52 6797065.73 9.82%
2013-05-01	6244885.50 181404.00 710289.40 131583.44 7268162.34 9.77%
2013-05-02	6569131.35 193399.72 748966.75 143137.20 7654635.02 9.78%
2013-05-03	6842404.79 211027.00 741199.14 142362.55 7936993.48 9.34%
2013-05-04	6611831.40 121410.00 654325.81 89852.81 7477420.02 8.75%
2013-05-05	6186929.18 103882.50 633954.84 141086.33 7065852.85 8.97%
2013-05-06	5846110.19 169277.50 648141.78 139059.34 6802588.81 9.53%
2013-05-07	6035359.16 178365.00 687686.98 126458.21 7027869.35 9.79%
2013-05-08	6409605.77 181638.00 738633.45 132160.99 7462038.21 9.90%
2013-05-09	6783937.70 190059.50 781190.03 153146.21 7908333.44 9.88%
2013-05-10	6837856.25 201323.60 748238.26 144537.72 7931955.83 9.43%
2013-05-11	6357176.54 114675.73 633589.87 90347.45 7195789.59 8.81%
2013-05-12	5881089.79 96318.00 592739.56 134785.92 6704933.27 8.84%
2013-05-13	5732081.11 168932.00 647819.05 143659.24 6692491.40 9.68%
2013-05-14	6027604.58 178336.10 689320.29 125579.05 7020840.02 9.82%
2013-05-15	6308306.11 185019.70 734089.39 135908.25 7363323.45 9.97%
2013-05-16	6755257.93 195015.46 777389.56 150295.97 7877958.92 9.87%
2013-05-17	6956035.74 197054.96 759947.53 153236.07 8066274.30 9.42%
2013-05-18	6780866.04 118205.50 673905.97 102747.19 7675724.70 8.78%
2013-05-19	6287260.53 98702.00 644158.93 135222.34 7165343.80 8.99%
2013-05-20	5965185.98 168760.53 658125.92 150624.47 6942696.90 9.48%
2013-05-21	6368197.88 178634.50 720318.70 141799.42 7408950.50 9.72%
2013-05-22	6451669.45 179609.20 734678.00 138529.51 7504486.16 9.79%
2013-05-23	6535016.10 167740.20 738245.60 145619.76 7586621.66 9.73%
2013-05-24	6455299.35 177758.23 692536.43 154344.97 7479938.98 9.26%
2013-05-25	5414077.92 97280.50 501679.05 88641.24 6101678.71 8.22%
2013-05-26	4771432.48 85755.00 431978.48 80177.70 5369343.66 8.05%
2013-05-27	4411530.65 65561.73 440664.21 118677.89 5036434.48 8.75%
2013-05-28	5637969.14 152689.00 618068.65 133754.64 6542481.43 9.45%
2013-05-29	5972318.09 174835.50 670220.87 122421.81 6939796.27 9.66%
2013-05-30	6469263.16 182316.23 734342.34 133342.73 7519264.46 9.77%
2013-05-31	6640488.96 193316.50 725558.19 133486.11 7692849.76 9.43%
2013-06-01	6373761.39 112345.50 635832.80 93739.00 7215678.69 8.81%
2013-06-02	5835716.48 97490.10 598000.41 127628.94 6658835.93 8.98%
2013-06-03	5632102.55 164129.50 632902.67 138801.02 6567935.74 9.64%
2013-06-04	6012305.80 173714.00 684204.89 129569.16 6999793.85 9.77%
2013-06-05	6356750.71 181069.53 730518.60 133383.68 7401722.52 9.87%
2013-06-06	6656820.48 187908.92 746685.07 142368.16 7733782.63 9.65%
2013-06-07	6683183.20 195620.96 749437.30 135195.04 7763436.50 9.65%
2013-06-08	5897907.64 103333.50 594313.89 94114.49 6689669.52 8.88%
2013-06-09	5828126.68 98970.50 601264.87 140582.73 6668944.78 9.02%
2013-06-10	5832767.54 164942.39 657447.43 138540.35 6793697.71 9.68%
2013-06-11	5905753.07 170858.00 678430.88 124353.29 6879395.24 9.86%
2013-06-12	6229647.20 174009.00 717311.79 130903.76 7251871.75 9.89%
2013-06-13	6487049.96 193214.50 754544.94 128328.38 7563137.78 9.98%
2013-06-14	6442628.59 186662.50 724983.08 141045.68 7495319.85 9.67%
2013-06-15	6030210.07 110588.50 598513.52 90046.44 6829358.53 8.76%
2013-06-16	5461256.52 92415.50 557001.28 128457.88 6239131.18 8.93%
2013-06-17	5484850.15 157880.42 604727.74 135910.19 6383368.50 9.47%
2013-06-18	5816303.13 168024.50 666420.53 121047.50 6771795.66 9.84%
2013-06-19	6199986.67 178969.00 716677.72 136344.52 7231977.91 9.91%
2013-06-20	6414081.19 182565.00 741291.08 140455.29 7478392.56 9.91%
2013-06-21	6427833.67 188809.20 687113.62 133235.15 7436991.64 9.24%
2013-06-22	5791056.13 108046.50 569201.62 85603.57 6553907.82 8.68%
2013-06-23	5563222.45 94061.50 567739.30 127535.73 6352558.98 8.94%
2013-06-24	5436099.19 156700.00 597139.18 132409.51 6322347.88 9.44%
2013-06-25	5859023.46 166604.70 669496.85 125590.40 6820715.41 9.82%
2013-06-26	6187998.02 174959.35 715568.18 132738.10 7211263.65 9.92%
2013-06-27	6431769.85 184608.50 747121.02 133148.63 7496648.00 9.97%
2013-06-28	6509133.77 191371.00 730483.81 139628.26 7570616.84 9.65%
2013-06-29	6077527.78 113298.00 609557.27 98778.72 6899161.77 8.84%
2013-06-30	5448572.68 96728.50 548366.27 107643.79 6201311.24 8.84%
2013-07-01	5231303.18 151864.00 545790.20 112051.72 6041009.10 9.03%
2013-07-02	5306319.98 160417.50 577613.00 98110.26 6142460.74 9.40%
2013-07-03	5366038.34 158341.50 566742.69 110780.92 6201903.45 9.14%
2013-07-04	3903299.87 69961.50 370816.29 68668.43 4412746.09 8.40%
2013-07-05	4060054.42 142682.50 359793.75 64576.27 4627106.94 7.78%
2013-07-06	4185665.11 73421.50 369315.08 65880.45 4694282.14 7.87%
2013-07-07	4545033.11 71511.50 449844.12 108461.94 5174850.67 8.69%
2013-07-08	5229735.76 151026.72 574946.55 138759.14 6094468.17 9.43%
2013-07-09	5612330.78 166408.50 632915.82 116946.32 6528601.42 9.69%
2013-07-10	5860395.10 169848.25 672375.15 114016.53 6816635.03 9.86%
2013-07-11	6222673.92 182210.50 723203.24 133394.91 7261482.57 9.96%
2013-07-12	6251985.75 194178.50 694332.01 120435.78 7260932.04 9.56%
2013-07-13	5603886.76 105065.50 566739.73 78516.35 6354208.34 8.92%
2013-07-14	5487947.82 94240.00 570850.15 116999.43 6270037.40 9.10%
2013-07-15	5485633.63 161482.50 613036.10 127710.52 6387862.75 9.60%
2013-07-16	5740937.63 171222.50 658068.80 111813.80 6682042.73 9.85%
2013-07-17	6089354.72 179643.00 707233.36 119156.82 7095387.90 9.97%
2013-07-18	6408460.31 185947.00 747439.01 130066.14 7471912.46 10.00%
2013-07-19	6429378.46 190290.50 714938.58 125498.10 7460105.64 9.58%
2013-07-20	5729671.45 107271.00 577501.06 86292.46 6500735.97 8.88%
2013-07-21	5283812.41 89923.00 548553.03 121467.76 6043756.20 9.08%
2013-07-22	5389205.94 162825.00 599895.48 118590.06 6270516.48 9.57%
2013-07-23	5769256.46 169121.00 660834.41 121974.78 6721186.65 9.83%
2013-07-24	6013510.45 173148.50 690900.73 122699.88 7000259.56 9.87%
2013-07-25	6193185.25 178580.60 716202.70 130310.03 7218278.58 9.92%
2013-07-26	6097864.78 181593.00 668322.87 124634.76 7072415.41 9.45%
2013-07-27	5603889.26 104718.50 549355.94 76635.57 6334599.27 8.67%
2013-07-28	5256879.58 89300.50 534119.99 100803.94 5981104.01 8.93%
2013-07-29	5188373.92 149252.50 574281.75 136855.76 6048763.93 9.49%
2013-07-30	5398819.35 163984.10 609168.41 107112.34 6279084.20 9.70%
2013-07-31	5749884.55 167866.50 659536.84 116087.30 6693375.19 9.85%
2013-08-01	3798886.29 97725.00 445486.24 73060.70 4415158.23 10.09%
2013-08-02	2933231.61 89595.00 328888.48 61231.04 3412946.13 9.64%
2013-08-03	2701572.14 52248.00 273803.70 41857.42 3069481.26 8.92%
2013-08-04	2599988.91 45473.57 268666.73 58840.40 2972969.61 9.04%
2013-08-05	5084352.10 150329.52 557520.39 125630.00 5917832.01 9.42%
2013-08-06	5459635.11 166295.00 618082.52 113876.93 6357889.56 9.72%
2013-08-07	5739336.10 173460.50 661200.69 123809.01 6697806.30 9.87%
2013-08-08	5395812.17 160249.47 620987.84 121497.54 6298547.02 9.86%
2013-08-09	6040814.77 186667.25 658334.81 128871.48 7014688.31 9.39%
2013-08-10	5449240.31 101347.93 535443.87 87799.72 6173831.83 8.67%
2013-08-11	2610822.32 43372.50 258972.32 63587.95 2976755.09 8.70%
2013-08-12	4982789.25 144362.10 546722.57 126900.09 5800774.01 9.42%
2013-08-13	5539940.12 162099.35 628583.96 112858.03 6443481.46 9.76%
2013-08-14	5701415.25 169831.90 649503.83 121968.98 6642719.96 9.78%
2013-08-15	6079998.47 175579.56 691544.26 133480.23 7080602.52 9.77%
2013-08-16	5971158.83 164478.92 649239.84 133276.08 6918153.67 9.38%
2013-08-17	5563076.76 99780.17 540121.15 107449.47 6310427.55 8.56%
2013-08-18	5135969.57 84684.72 521886.31 128484.61 5871025.21 8.89%
2013-08-19	5150709.99 144357.80 546538.10 128481.78 5970087.67 9.15%
2013-08-20	5385430.47 158748.67 594290.16 117810.78 6256280.08 9.50%
2013-08-21	5692796.17 165060.00 645521.77 123102.52 6626480.46 9.74%
2013-08-22	5972098.44 168086.50 683214.29 131190.31 6954589.54 9.82%
2013-08-23	5913283.85 177953.92 640224.80 133613.98 6865076.55 9.33%
2013-08-24	5555027.60 104514.43 541858.25 93140.25 6294540.53 8.61%
2013-08-25	5258474.86 88027.39 528030.25 124857.94 5999390.44 8.80%
2013-08-26	4946829.12 145885.64 535875.40 128154.02 5756744.18 9.31%
2013-08-27	5180437.86 157259.05 575578.15 114153.16 6027428.22 9.55%
2013-08-28	5549498.11 156935.50 625208.42 118399.50 6450041.53 9.69%
2013-08-29	5879361.52 167785.79 657432.96 142365.07 6846945.34 9.60%
2013-08-30	5841446.40 173922.92 614499.43 150082.94 6779951.69 9.06%
2013-08-31	5335486.91 95311.61 492658.31 103243.89 6026700.72 8.17%
2013-09-01	4824173.41 85790.00 432265.34 85355.67 5427584.42 7.96%
2013-09-02	4314146.68 63214.50 435265.84 120564.74 4933191.76 8.82%
2013-09-03	5383772.33 151142.00 603314.44 142972.90 6281201.67 9.61%
2013-09-04	5623955.18 162327.00 633454.33 115383.00 6535119.51 9.69%
2013-09-05	5677314.52 175115.50 646807.49 117443.94 6616681.45 9.78%
2013-09-06	6277119.06 195445.00 695176.02 121736.76 7289476.84 9.54%
2013-09-07	6299062.37 115496.50 648802.98 91937.69 7155299.54 9.07%
2013-09-08	5929255.17 98075.00 629729.60 137930.03 6794989.80 9.27%
2013-09-09	5693300.71 163080.91 656514.98 143381.49 6656278.09 9.86%
2013-09-10	6080113.76 173177.00 714050.83 125272.20 7092613.79 10.07%
2013-09-11	6220480.24 177808.00 742760.53 121841.34 7262890.11 10.23%
2013-09-12	6561302.32 181309.00 782957.34 140066.82 7665635.48 10.21%
2013-09-13	6791935.99 194672.50 782059.53 157679.15 7926347.17 9.87%
2013-09-14	6216477.76 116608.50 628955.14 84532.50 7046573.90 8.93%
2013-09-15	5968248.00 98533.50 632705.53 129297.19 6828784.22 9.27%
2013-09-16	5671798.70 161968.00 654720.30 141774.16 6630261.16 9.87%
2013-09-17	5954427.41 167499.50 702155.70 126810.22 6950892.83 10.10%
2013-09-18	6183031.53 174044.62 743052.66 135707.32 7235836.13 10.27%
2013-09-19	6457731.55 186643.00 770425.12 148406.84 7563206.51 10.19%
2013-09-20	6763383.67 198630.50 773186.56 149440.24 7884640.97 9.81%
2013-09-21	6627719.77 117788.50 678221.84 96364.78 7520094.89 9.02%
2013-09-22	6103657.03 96422.00 653522.02 146832.80 7000433.85 9.34%
2013-09-23	5485773.82 152069.50 636653.13 137083.56 6411580.01 9.93%
2013-09-24	5605296.92 158654.00 664878.57 117978.16 6546807.65 10.16%
2013-09-25	5984685.35 169404.05 723259.67 133371.38 7010720.45 10.32%
2013-09-26	6303774.12 181018.00 754361.53 146878.26 7386031.91 10.21%
2013-09-27	6515862.66 190047.00 750213.31 144795.70 7600918.67 9.87%
2013-09-28	6558496.60 117007.60 670369.33 95606.58 7441480.11 9.01%
2013-09-29	6012912.57 96514.50 643313.58 141774.24 6894514.89 9.33%
2013-09-30	5444287.15 156933.00 626787.79 143121.72 6371129.66 9.84%
2013-10-01	5658021.92 165455.00 664396.60 123089.92 6610963.44 10.05%
2013-10-02	5944460.29 173526.13 707700.69 130483.40 6956170.51 10.17%
2013-10-03	6361957.94 180448.02 754075.07 147472.06 7443953.09 10.13%
2013-10-04	6591391.17 193938.50 750139.16 143995.78 7679464.61 9.77%
2013-10-05	6420016.28 117216.25 662046.29 89312.87 7288591.69 9.08%
2013-10-06	6002853.95 94536.00 647776.16 140043.15 6885209.26 9.41%
2013-10-07	5387571.60 150360.35 624317.45 134272.78 6296522.18 9.92%
2013-10-08	5758168.92 168348.64 683948.29 127238.15 6737704.00 10.15%
2013-10-09	6134417.38 175935.10 738067.12 136273.82 7184693.42 10.27%
2013-10-10	6553148.23 185569.51 784998.98 152453.03 7676169.75 10.23%
2013-10-11	6713846.72 188203.82 764338.17 157864.04 7824252.75 9.77%
2013-10-12	6574923.86 115460.33 670563.27 131262.99 7492210.45 8.95%
2013-10-13	6073707.01 100124.00 631305.05 154770.18 6959906.24 9.07%
2013-10-14	5125378.76 60511.10 565471.45 144520.89 5895882.20 9.59%
2013-10-15	5439574.33 158451.83 637738.99 132627.03 6368392.18 10.01%
2013-10-16	6037192.87 174936.00 722391.74 137394.29 7071914.90 10.21%
2013-10-17	6550841.23 187002.21 784795.81 151786.76 7674426.01 10.23%
2013-10-18	6765234.96 199027.55 774540.15 150115.46 7888918.12 9.82%
2013-10-19	6687493.71 119595.00 692555.61 96070.80 7595715.12 9.12%
2013-10-20	6161693.19 97405.80 664928.18 148914.68 7072941.85 9.40%
2013-10-21	5513012.58 159147.76 642525.75 147074.47 6461760.56 9.94%
2013-10-22	5774856.14 173230.12 692246.72 127048.79 6767381.77 10.23%
2013-10-23	6205741.52 183281.53 754483.62 135348.59 7278855.26 10.37%
2013-10-24	6601962.88 188631.02 794120.14 152212.31 7736926.35 10.26%
2013-10-25	6733742.61 198119.66 779624.03 147705.57 7859191.87 9.92%
2013-10-26	6521060.54 118728.51 681785.55 88654.76 7410229.36 9.20%
2013-10-27	6064039.39 99465.50 660112.19 137189.31 6960806.39 9.48%
2013-10-28	5460567.43 158497.80 637193.84 138754.83 6395013.90 9.96%
2013-10-29	5715364.88 171271.02 680588.97 114433.08 6681657.95 10.19%
2013-10-30	6014881.63 174264.00 725483.00 124305.76 7038934.39 10.31%
2013-10-31	6194976.40 177539.50 720742.79 125538.57 7218797.26 9.98%
2013-11-01	7158961.48 207326.50 800554.99 136575.95 8303418.92 9.64%
2013-11-02	6512778.58 119566.05 676232.55 85622.61 7394199.79 9.15%
2013-11-03	6046719.97 108540.97 664830.23 132015.48 6952106.65 9.56%
2013-11-04	5705643.32 163214.50 674297.18 153935.49 6697090.49 10.07%
2013-11-05	5768453.28 68078.50 696113.24 131039.02 6663684.04 10.45%
2013-11-06	6089108.77 176203.93 752611.30 136075.12 7153999.12 10.52%
2013-11-07	6639126.27 184467.50 815419.14 151868.41 7790881.32 10.47%
2013-11-08	6867970.08 197538.12 801468.08 154087.35 8021063.63 9.99%
2013-11-09	6590117.25 117876.43 698489.79 96369.03 7502852.50 9.31%
2013-11-10	6074999.51 98157.58 665422.15 139695.31 6978274.55 9.54%
2013-11-11	5401593.76 59077.23 640550.12 146177.99 6247399.10 10.25%
2013-11-12	5864442.06 171124.93 727257.38 128798.67 6891623.04 10.55%
2013-11-13	6096478.36 176796.99 762245.56 131052.15 7166573.06 10.64%
2013-11-14	6410219.67 185171.51 795858.85 145710.92 7536960.95 10.56%
2013-11-15	6601712.60 189854.48 781519.43 141270.37 7714356.88 10.13%
2013-11-16	6546749.81 118156.51 702184.84 85745.51 7452836.67 9.42%
2013-11-17	5919021.53 95541.50 660210.49 127445.97 6802219.49 9.71%
2013-11-18	5345149.63 156208.25 650696.46 141602.47 6293656.81 10.34%
2013-11-19	5820411.19 175465.51 719184.47 120631.06 6835692.23 10.52%
2013-11-20	6148448.83 179407.50 766345.61 129711.52 7223913.46 10.61%
2013-11-21	6378952.87 181485.00 789736.84 140305.58 7490480.29 10.54%
2013-11-22	6648638.43 195687.05 791984.51 136717.13 7773027.12 10.19%
2013-11-23	6586831.01 121970.50 713553.71 92194.26 7514549.48 9.50%
2013-11-24	5915826.88 100035.33 651437.22 114944.37 6782243.80 9.61%
2013-11-25	5382282.07 160154.90 614397.84 107592.06 6264426.87 9.81%
2013-11-26	5732175.09 146546.83 664824.84 121057.95 6664604.71 9.98%
2013-11-27	5400613.69 156169.74 592729.29 110639.03 6260151.75 9.47%
2013-11-28	4059802.34 65986.23 384439.02 72997.80 4583225.39 8.39%
2013-11-29	4184724.26 156076.43 372209.03 63745.07 4776754.79 7.79%
2013-11-30	5171177.54 85790.33 491434.91 93278.80 5841681.58 8.41%
2013-12-01	5277094.13 77105.00 559342.78 141476.43 6055018.34 9.24%
2013-12-02	5595944.82 152214.60 665423.01 161695.90 6575278.33 10.12%
2013-12-03	5885190.93 166333.92 714401.44 137642.93 6903569.22 10.35%
2013-12-04	6152540.83 166024.23 755122.23 143638.31 7217325.60 10.46%
2013-12-05	6454161.63 180724.50 787081.50 144125.62 7566093.25 10.40%
2013-12-06	6916726.48 195212.00 814649.74 150068.58 8076656.80 10.09%
2013-12-07	6754487.47 118316.00 721818.66 91223.05 7685845.18 9.39%
2013-12-08	6164358.84 100323.00 686805.49 137702.38 7089189.71 9.69%
2013-12-09	5692887.45 165343.51 692388.71 148680.16 6699299.83 10.34%
2013-12-10	5831335.86 180905.00 729450.45 121209.69 6862901.00 10.63%
2013-12-11	6451998.97 168490.50 809809.64 145657.41 7575956.52 10.69%
2013-12-12	6815769.80 180220.80 849922.83 157353.66 8003267.09 10.62%
2013-12-13	7102797.57 199048.00 855904.64 151315.05 8309065.26 10.30%
2013-12-14	6149067.55 107216.50 684405.72 82618.84 7023308.61 9.74%
2013-12-15	5686155.25 86467.00 638557.43 131341.81 6542521.49 9.76%
2013-12-16	5810266.63 160197.50 694638.44 140190.53 6805293.10 10.21%
2013-12-17	5910193.61 174240.75 731189.04 120598.86 6936222.26 10.54%
2013-12-18	6377378.10 173971.50 792809.80 142441.56 7486600.96 10.59%
2013-12-19	6546362.91 177309.60 803660.96 148135.82 7675469.29 10.47%
2013-12-20	6781390.62 191871.00 796839.10 153607.74 7923708.46 10.06%
2013-12-21	6075050.84 104737.50 642615.55 115499.29 6937903.18 9.26%
2013-12-22	5165240.71 83547.50 513882.98 108543.08 5871214.27 8.75%
2013-12-23	4753043.40 132484.50 476111.12 103479.94 5465118.96 8.71%
2013-12-24	4172738.36 136401.00 394057.42 74017.46 4777214.24 8.25%
2013-12-25	2978244.04 46718.50 258567.48 59528.65 3343058.67 7.73%
2013-12-26	3881332.75 127119.50 345378.18 86499.08 4440329.51 7.78%
2013-12-27	4746193.84 151289.02 423615.41 96559.21 5417657.48 7.82%
2013-12-28	4975513.75 81348.00 438630.69 91323.99 5586816.43 7.85%
2013-12-29	5064282.80 77639.30 469985.84 103064.38 5714972.32 8.22%
2013-12-30	5012724.30 160830.00 477997.25 102696.94 5754248.49 8.31%
2013-12-31	5246420.77 193593.50 527563.37 71010.62 6038588.26 8.74%
