2013-01	172365106.56 4735763.50 18729486.23 2982910.62 198813266.91 9.42%
2013-02	163877407.41 4417860.77 18311045.64 2766825.05 189373138.87 9.67%
2013-03	189543810.77 5031920.17 20594811.22 3698233.94 218868776.10 9.41%
2013-04	185378673.15 4933433.94 20322650.83 3695869.56 214330627.48 9.48%
2013-05	192546178.82 4908303.39 20912003.03 4056586.53 222423071.77 9.40%
2013-06	181313446.02 4569899.07 19832297.61 3767127.36 209482770.06 9.47%
2013-07	170694788.05 4517347.67 18504666.84 3425308.47 197142111.03 9.39%
2013-08	158448921.38 4171429.68 17135919.80 3473075.82 183229346.68 9.35%
2013-09	179533496.35 4476438.68 20109941.03 3841341.38 207961217.44 9.67%
2013-10	189742100.32 4808227.56 21695000.83 4168228.12 220413556.83 9.84%
2013-11	179069130.13 4317676.83 20518239.07 3668902.45 207573948.48 9.88%
2013-12	176426895.01 4417243.23 19752626.90 3762946.97 204359712.11 9.67%
