00	88379331.21 3399133.49 9958083.72 1038521.30 102775069.72 9.69%
01	64002630.66 2519554.18 7016166.62 558479.88 74096831.34 9.47%
02	47302472.62 1874638.09 5040861.30 328218.53 54546190.54 9.24%
03	35923365.29 1364102.60 3639800.40 307214.18 41234482.47 8.83%
04	29982348.43 979959.90 2903070.36 715480.43 34580859.12 8.40%
05	28442628.02 773193.45 3201915.99 1216463.24 33634200.70 9.52%
06	46276413.28 11899.95 5196200.58 1564577.80 53049091.61 9.80%
07	74882730.41 3922.84 8588037.63 1849224.53 85323915.41 10.07%
08	92794052.90 2573.79 10921225.86 1843457.39 105561309.94 10.35%
09	95677850.18 4535.42 10975607.88 1956404.01 108614397.49 10.11%
10	93130929.88 4110.95 9987933.44 2039950.09 105162924.36 9.50%
11	97750065.13 4335.83 10174598.88 2193139.40 110122139.24 9.24%
12	103456061.81 4605.74 10677052.78 2349118.64 116486838.97 9.17%
13	106224424.88 4148.77 10855300.33 2709352.88 119793226.86 9.06%
14	112483205.11 4185.34 11462310.00 3096426.69 127046127.14 9.02%
15	107885950.09 129083.16 11032357.29 3088087.77 122135478.31 9.03%
16	90068781.96 4434076.81 9635358.02 2692246.40 106830463.19 9.02%
17	106112242.01 5704144.01 11474891.72 2504639.47 125795917.21 9.12%
18	123625078.44 7291880.84 13886349.83 2200839.46 147004148.57 9.45%
19	124421648.36 7703508.96 14384358.31 1894999.36 148404514.99 9.69%
20	119766641.27 5070836.52 14196529.53 1861024.90 140895032.22 10.08%
21	120663939.90 4951531.96 14363363.55 1908222.22 141887057.63 10.12%
22	120111729.01 4807524.56 14154011.80 1793171.94 140866437.31 10.05%
23	109575433.12 4258057.33 12693303.21 1598095.76 128124889.42 9.91%
